JelineKM
0.688727367164  0.587646857429  0.465688007767  0.367823152704  0.285061128773  0.23547832129  0.182802653152  0.119578620958  0.0910803851008  0.0662214220558  0.0599620151486  
BM25
0.86501313393  0.82754659406  0.712832217076  0.635288193753  0.538554532493  0.448349003704  0.343963009216  0.251026648809  0.201705204987  0.155691608043  0.129802715401    
Lucene
0.674791621486  0.586487706584  0.456978196009  0.370753339638  0.290760563779  0.237603041735  0.179672847852  0.131213461627  0.0939002421493  0.0673757278771  0.0627770656698  
PRF
0.834823509824  0.77681450494  0.686716812921  0.593041893294  0.497082784698  0.435017074865  0.336764418474  0.217832147358  0.164891655108  0.106575098053  0.0964095384804  
tfidf
0.0938763313988  0.0191646437616  0.00121639784946  0.00121639784946  0.000206782464847  0.000206782464847  0.000206782464847  0.000206782464847  0.000206782464847  0.000206782464847  0.000206782464847  
BM25_stopped
0.866258025129  0.816395387766  0.697657521539  0.601533248422  0.514400616171  0.438928112941  0.332497969119  0.264279075048  0.197800962212  0.148167921552  0.135655711539  
JelineKM_stopped
0.739375624376  0.628548908199  0.514628171648  0.428029966699  0.355275425328  0.309107944256  0.235275637717  0.181777346382  0.120321523397  0.0861647698802  0.0823872973527  
tfidf_stopped
0.195219012067  0.0769986423833  0.0577447462931  0.0301365301365  0.020979020979  0.020979020979  0.00815850815851  0.00815850815851  0.00815850815851  0.00815850815851  0.00815850815851  
